Reading data from C:\mcnpdata\Lib80x\Pb\82208.800nc

MT 102 Photon report for nuclide 82208.00c = Pb208 Lib80x (jlconlin)  Reference LA-UR-18-24034 by Conlin, J.L., et

1 photon distributions follow
Yield Interpolations     1 lines
    41     5  (log-log) !!!
 n-Energy      Yield       41 lines
1.00000e-11   3.020081
2.53000e-08   3.020081
1.00000e-03   3.042000
1.00000e-02   2.925000
5.00000e-02   2.622000
1.00000e-01   2.009000
5.00000e-01   1.708000
1.00000e+00   1.720000
1.50000e+00   1.839000
2.00000e+00   2.024000
2.50000e+00   2.243000
3.00000e+00   2.470000
3.50000e+00   2.599000
4.00000e+00   2.844000
5.00000e+00   3.083000
6.00000e+00   3.379000
7.00000e+00   3.759000
8.00000e+00   3.918000
9.00000e+00   3.794000
1.00000e+01   3.664000
1.10000e+01   3.762000
1.20000e+01   4.030000
1.30000e+01   4.435000
1.40000e+01   5.113000
1.50000e+01   6.102386
1.60000e+01   7.450000
1.70000e+01   9.255320
1.80000e+01  11.662000
1.90000e+01  14.929720
2.00000e+01  18.852000
2.10000e+01  23.133600
2.20000e+01  27.880650
2.30000e+01  32.940000
2.40000e+01  38.231020
2.50000e+01  43.783730
2.60000e+01  49.574000
2.70000e+01  55.663670
2.80000e+01  62.093230
2.90000e+01  68.802860
3.00000e+01  75.723000
1.50000e+02  75.723000
Distribution Law: 4
Neutron Energy Interpolation:    1 lines
     1     2  (linear-linear) 
29 neutron energy bins and distributions follow
Neutron E = 1.00000e-11   (1 of 29)
Distribution interpolation:   1  (histogram)
Number of Discrete Energies:  0
   EOUT           PDF              CDF             40 lines
0.00000000      2.40009780e-01    0.000000000
0.15000000      1.71820586e-02    0.036001467
0.25000000      2.86855376e-01    0.037719673
0.35000000      1.55636587e-01    0.066405210
0.45000000      2.26184281e+00    0.081968869
0.55000000      2.58722578e-02    0.308153150
0.65000000      3.57638770e-02    0.310740376
0.75000000      5.87565651e-02    0.314316764
0.85000000      2.52927879e-01    0.320192420
0.95000000      1.40479788e-01    0.345485208
1.05000000      2.92586475e-02    0.359533187
1.15000000      6.05938349e-02    0.362459052
1.25000000      6.94854642e-02    0.368518435
1.35000000      3.94855867e-01    0.375466982
1.45000000      2.85155376e-01    0.414952568
1.55000000      3.43456271e+00    0.443468106
1.65000000      6.34857547e-03    0.786924377
1.75000000      3.31447472e-01    0.787559235
1.85000000      7.48939137e-01    0.820703982
1.95000000      1.49018688e-03    0.895597896
2.05000000      6.87810942e-04    0.895746914
2.15000000      2.27496981e-04    0.895815695
2.25000000      3.29688972e-05    0.895838445
2.35000000      9.50871720e-01    0.895841742
2.45000000      3.52282170e-02    0.990928914
2.55000000      1.45771988e-03    0.994451736
2.65000000      8.32844930e-07    0.994597508
2.75000000      3.91393967e-07    0.994597591
2.85000000      1.41993988e-07    0.994597630
2.95000000      1.00012992e-05    0.994597644
3.05000000      6.89228442e-03    0.994598644
3.15000000      1.42081188e-02    0.995287873
3.25000000      3.26641273e-03    0.996708685
3.35000000      2.00329983e-03    0.997035326
3.45000000      1.08852691e-03    0.997235656
3.55000000      4.88358959e-04    0.997344509
3.65000000      1.54231987e-04    0.997393345
3.75000000      2.05944983e-05    0.997408768
3.85000000      2.58917278e-02    0.997410827
3.95000000      0.00000000e+00    1.000000000
Neutron E = 1.00000e-03   (2 of 29)
Distribution interpolation:   1  (histogram)
Number of Discrete Energies:  0
   EOUT           PDF              CDF             40 lines
0.00000000      2.40009780e-01    0.000000000
0.15000000      1.71820586e-02    0.036001467
0.25000000      2.86855376e-01    0.037719673
0.35000000      1.55636587e-01    0.066405210
0.45000000      2.26184281e+00    0.081968869
0.55000000      2.58722578e-02    0.308153150
0.65000000      3.57638770e-02    0.310740376
0.75000000      5.87565651e-02    0.314316764
0.85000000      2.52927879e-01    0.320192420
0.95000000      1.40479788e-01    0.345485208
1.05000000      2.92586475e-02    0.359533187
1.15000000      6.05938349e-02    0.362459052
1.25000000      6.94854642e-02    0.368518435
1.35000000      3.94855867e-01    0.375466982
1.45000000      2.85155376e-01    0.414952568
1.55000000      3.43456271e+00    0.443468106
1.65000000      6.34857547e-03    0.786924377
1.75000000      3.31447472e-01    0.787559235
1.85000000      7.48939137e-01    0.820703982
1.95000000      1.49018688e-03    0.895597896
2.05000000      6.87810942e-04    0.895746914
2.15000000      2.27496981e-04    0.895815695
2.25000000      3.29688972e-05    0.895838445
2.35000000      9.50871720e-01    0.895841742
2.45000000      3.52282170e-02    0.990928914
2.55000000      1.45771988e-03    0.994451736
2.65000000      8.32844930e-07    0.994597508
2.75000000      3.91393967e-07    0.994597591
2.85000000      1.41993988e-07    0.994597630
2.95000000      1.00012992e-05    0.994597644
3.05000000      6.89228442e-03    0.994598644
3.15000000      1.42081188e-02    0.995287873
3.25000000      3.26641273e-03    0.996708685
3.35000000      2.00329983e-03    0.997035326
3.45000000      1.08852691e-03    0.997235656
3.55000000      4.88358959e-04    0.997344509
3.65000000      1.54231987e-04    0.997393345
3.75000000      2.05944983e-05    0.997408768
3.85000000      2.58917278e-02    0.997410827
3.95000000      0.00000000e+00    1.000000000
Neutron E = 1.00000e-02   (3 of 29)
Distribution interpolation:   1  (histogram)
Number of Discrete Energies:  0
   EOUT           PDF              CDF             40 lines
0.00000000      2.14792391e-01    0.000000000
0.15000000      5.83534375e-02    0.032218859
0.25000000      4.08642383e-01    0.038054202
0.35000000      2.87003088e-01    0.078918441
0.45000000      1.74624093e+00    0.107618749
0.55000000      3.29042086e-02    0.282242842
0.65000000      3.46132285e-02    0.285533263
0.75000000      6.58042372e-02    0.288994586
0.85000000      2.84249688e-01    0.295575009
0.95000000      2.87806788e-01    0.323999978
1.05000000      1.04066096e-01    0.352780657
1.15000000      2.35060990e-01    0.363187266
1.25000000      1.53741393e-01    0.386693365
1.35000000      4.02519583e-01    0.402067505
1.45000000      5.48623977e-01    0.442319463
1.55000000      3.16733086e+00    0.497181861
1.65000000      1.10059595e-02    0.813914947
1.75000000      2.64575089e-01    0.815015543
1.85000000      3.60433685e-01    0.841473052
1.95000000      2.72570988e-03    0.877516420
2.05000000      1.26867395e-03    0.877788991
2.15000000      4.21045982e-04    0.877915859
2.25000000      6.02378974e-05    0.877957963
2.35000000      6.28588973e-01    0.877963987
2.45000000      1.22762195e-01    0.940822885
2.55000000      1.99626391e-02    0.953099104
2.65000000      1.83446992e-05    0.955095368
2.75000000      8.64970963e-06    0.955097202
2.85000000      3.14269987e-06    0.955098067
2.95000000      1.68515993e-05    0.955098382
3.05000000      8.80482362e-03    0.955100067
3.15000000      1.86383592e-02    0.955980549
3.25000000      4.54415481e-03    0.957844385
3.35000000      2.92081688e-03    0.958298801
3.45000000      1.66519093e-03    0.958590882
3.55000000      7.83971966e-04    0.958757401
3.65000000      2.59693989e-04    0.958835799
3.75000000      3.63382984e-05    0.958861768
3.85000000      4.11345982e-01    0.958865402
3.95000000      0.00000000e+00    1.000000000
Neutron E = 1.00000e-01   (4 of 29)
Distribution interpolation:   1  (histogram)
Number of Discrete Energies:  0
   EOUT           PDF              CDF             41 lines
0.00000000      1.22721598e-01    0.000000000
0.15000000      4.16084992e-02    0.018408240
0.25000000      2.55808195e-01    0.022569090
0.35000000      1.91578296e-01    0.048149909
0.45000000      1.09592698e+00    0.067307739
0.55000000      6.51823987e-02    0.176900437
0.65000000      3.62421093e-02    0.183418676
0.75000000      1.50017097e-01    0.187042887
0.85000000      1.72525297e-01    0.202044597
0.95000000      1.91235596e-01    0.219297127
1.05000000      1.35209297e-01    0.238420686
1.15000000      1.43940997e-01    0.251941616
1.25000000      1.83104296e-01    0.266335716
1.35000000      1.88672596e-01    0.284646146
1.45000000      4.06889392e-01    0.303513405
1.55000000      2.47903395e+00    0.344202344
1.65000000      2.11043696e-01    0.592105740
1.75000000      6.95602287e-03    0.613210109
1.85000000      1.41401797e-01    0.613905711
1.95000000      1.72057797e-01    0.628045891
2.05000000      1.74074897e-03    0.645251671
2.15000000      2.39986195e-03    0.645425746
2.25000000      8.20239984e-04    0.645665732
2.35000000      2.00698096e-03    0.645747756
2.45000000      9.40379182e-01    0.645948454
2.55000000      1.25670098e-01    0.739986372
2.65000000      9.32461982e-04    0.752553382
2.75000000      6.26763988e-04    0.752646628
2.85000000      3.71483993e-04    0.752709305
2.95000000      4.05399492e-03    0.752746453
3.05000000      2.34205795e-02    0.753151852
3.15000000      1.72922197e-02    0.755493910
3.25000000      6.74087787e-02    0.757223132
3.35000000      9.11291282e-03    0.763964010
3.45000000      5.90144689e-03    0.764875302
3.55000000      3.38290093e-03    0.765465446
3.65000000      1.59821897e-03    0.765803736
3.75000000      5.30270990e-04    0.765963558
3.85000000      7.41920986e-05    0.766016585
3.95000000      2.33975995e+00    0.766024005
4.05000000      0.00000000e+00    1.000000000
Neutron E = 5.00000e-01   (5 of 29)
Distribution interpolation:   1  (histogram)
Number of Discrete Energies:  0
   EOUT           PDF              CDF             45 lines
0.00000000      6.69976343e-02    0.000000000
0.15000000      3.28451721e-02    0.010049645
0.25000000      1.39543709e-01    0.013334162
0.35000000      1.24939108e-01    0.027288533
0.45000000      6.00724238e-01    0.039782444
0.55000000      7.13337445e-02    0.099854868
0.65000000      3.40241522e-02    0.106988242
0.75000000      8.35730653e-01    0.110390658
0.85000000      1.16874907e-01    0.193963723
0.95000000      1.15419207e-01    0.205651214
1.05000000      1.26980108e-01    0.217193134
1.15000000      1.44377809e-01    0.229891145
1.25000000      1.57135910e-01    0.244328926
1.35000000      1.92042012e-01    0.260042517
1.45000000      5.28709634e-02    0.279246718
1.55000000      1.31457608e+00    0.284533815
1.65000000      7.90193950e-02    0.415991423
1.75000000      1.02930807e-01    0.423893362
1.85000000      2.69799017e-01    0.434186443
1.95000000      1.89358612e-01    0.461166345
2.05000000      9.80768662e-02    0.480102206
2.15000000      1.45835509e-02    0.489909893
2.25000000      6.97806244e-02    0.491368248
2.35000000      8.74555256e-02    0.498346310
2.45000000      1.21966608e-01    0.507091863
2.55000000      1.04468807e-01    0.519288524
2.65000000      6.12473839e-03    0.529735404
2.75000000      5.15669733e-03    0.530347878
2.85000000      4.14672226e-01    0.530863548
2.95000000      5.94770438e-02    0.572330770
3.05000000      5.95652338e-02    0.578278475
3.15000000      4.04271226e-02    0.584234998
3.25000000      3.48360922e-02    0.588277710
3.35000000      2.93135219e-02    0.591761320
3.45000000      2.40741315e-02    0.594692672
3.55000000      1.91458712e-02    0.597100085
3.65000000      6.95925744e-01    0.599014672
3.75000000      1.04265007e-02    0.668607247
3.85000000      6.85360044e-03    0.669649897
3.95000000      2.93488019e-03    0.670335257
4.05000000      1.08100807e-03    0.670628745
4.15000000      2.86034018e-04    0.670736846
4.25000000      3.83013024e-05    0.670765449
4.35000000      3.29230721e+00    0.670769279
4.45000000      0.00000000e+00    1.000000000
Neutron E = 1.00000e+00   (6 of 29)
Distribution interpolation:   1  (histogram)
Number of Discrete Energies:  0
   EOUT           PDF              CDF             50 lines
0.00000000      5.20523906e-02    0.000000000
0.15000000      2.63289003e-02    0.007807859
0.25000000      1.08873701e-01    0.010440749
0.35000000      9.90912311e-02    0.021328119
0.45000000      4.74646005e-01    0.031237242
0.55000000      8.78244010e-02    0.078701842
0.65000000      3.17614704e-02    0.087484283
0.75000000      1.04594701e+00    0.090660430
0.85000000      9.94800511e-02    0.195255131
0.95000000      1.02172301e-01    0.205203136
1.05000000      1.16846501e-01    0.215420366
1.15000000      1.27685801e-01    0.227105016
1.25000000      1.40376202e-01    0.239873596
1.35000000      1.62423202e-01    0.253911216
1.45000000      9.58733211e-02    0.270153537
1.55000000      1.07059401e+00    0.279740869
1.65000000      9.77340711e-02    0.386800270
1.75000000      9.91193711e-02    0.396573677
1.85000000      1.30730502e-01    0.406485614
1.95000000      3.73624804e-02    0.419558664
2.05000000      5.20961806e-02    0.423294912
2.15000000      7.27653808e-02    0.428504530
2.25000000      9.73245211e-02    0.435781069
2.35000000      2.28098903e-01    0.445513521
2.45000000      2.45128803e-01    0.468323411
2.55000000      1.70062202e-01    0.492836291
2.65000000      1.22489601e-02    0.509842511
2.75000000      5.51637506e-02    0.511067407
2.85000000      6.65148008e-02    0.516583782
2.95000000      3.65320404e-02    0.523235263
3.05000000      7.75542709e-02    0.526888467
3.15000000      5.59961606e-02    0.534643894
3.25000000      5.17060506e-02    0.540243510
3.35000000      3.23994704e-01    0.545414115
3.45000000      9.42896711e-02    0.577813585
3.55000000      3.74698304e-02    0.587242552
3.65000000      3.27298104e-02    0.590989535
3.75000000      2.82149603e-02    0.594262516
3.85000000      2.38367003e-02    0.597084012
3.95000000      1.55319302e-02    0.599467682
4.05000000      9.64582911e-03    0.601020875
4.15000000      8.18952209e-01    0.601985458
4.25000000      3.87984104e-03    0.683880679
4.35000000      1.82758402e-03    0.684268663
4.45000000      8.19177009e-04    0.684451422
4.55000000      3.52447004e-04    0.684533340
4.65000000      1.03986001e-04    0.684568584
4.75000000      1.31356002e-05    0.684578983
4.85000000      3.15419704e+00    0.684580296
4.95000000      0.00000000e+00    1.000000000
Neutron E = 1.50000e+00   (7 of 29)
Distribution interpolation:   1  (histogram)
Number of Discrete Energies:  0
   EOUT           PDF              CDF             55 lines
0.00000000      4.60049000e-02    0.000000000
0.15000000      2.35187300e-02    0.006900735
0.25000000      9.67449500e-02    0.009252608
0.35000000      8.87143900e-02    0.018927103
0.45000000      4.23726200e-01    0.027798542
0.55000000      1.23277400e-01    0.070171162
0.65000000      3.23134900e-02    0.082498902
0.75000000      1.14569900e+00    0.085730251
0.85000000      9.44514900e-02    0.200300151
0.95000000      9.85821200e-02    0.209745300
1.05000000      1.12323700e-01    0.219603512
1.15000000      1.22948800e-01    0.230835882
1.25000000      1.35648600e-01    0.243130762
1.35000000      1.97120100e-01    0.256695622
1.45000000      9.53480800e-02    0.276407632
1.55000000      9.63798100e-01    0.285942440
1.65000000      9.96272200e-02    0.382322250
1.75000000      1.01175600e-01    0.392284972
1.85000000      1.01573000e-01    0.402402532
1.95000000      1.01301500e-01    0.412559832
2.05000000      1.01695900e-01    0.422689982
2.15000000      1.13707800e-01    0.432859572
2.25000000      1.11155100e-01    0.444230352
2.35000000      1.55281600e-01    0.455345862
2.45000000      1.31397400e-01    0.470874022
2.55000000      1.39916000e-01    0.484013762
2.65000000      6.62571800e-02    0.498005362
2.75000000      9.12460000e-02    0.504631080
2.85000000      1.97622000e-01    0.513755680
2.95000000      1.59677600e-01    0.533517880
3.05000000      1.49814000e-01    0.549485640
3.15000000      6.66572100e-02    0.564467040
3.25000000      1.00432100e-01    0.571132761
3.35000000      1.07021100e-01    0.581175971
3.45000000      5.51682600e-02    0.591878081
3.55000000      5.16172000e-02    0.597394907
3.65000000      4.71359100e-02    0.602556627
3.75000000      4.31307600e-02    0.607270218
3.85000000      2.65606800e-01    0.611583294
3.95000000      1.15433400e-01    0.638143974
4.05000000      2.12345000e-02    0.649687314
4.15000000      1.52767700e-02    0.651810764
4.25000000      1.24166100e-02    0.653338441
4.35000000      7.39097700e-03    0.654580102
4.45000000      4.47529500e-03    0.655319200
4.55000000      3.10779600e-03    0.655766729
4.65000000      7.94951800e-01    0.656077509
4.75000000      1.26674800e-03    0.735572689
4.85000000      7.69858000e-04    0.735699364
4.95000000      4.01138000e-04    0.735776350
5.05000000      1.64873000e-04    0.735816463
5.15000000      4.83346000e-05    0.735832951
5.25000000      6.15816000e-06    0.735837784
5.35000000      2.64161600e+00    0.735838400
5.45000000      0.00000000e+00    1.000000000
Neutron E = 2.00000e+00   (8 of 29)
Distribution interpolation:   1  (histogram)
Number of Discrete Energies:  0
   EOUT           PDF              CDF             60 lines
0.00000000      3.77527619e-02    0.000000000
0.15000000      1.98540610e-02    0.005662914
0.25000000      8.03998941e-02    0.007648320
0.35000000      7.52254238e-02    0.015688310
0.45000000      3.50880318e-01    0.023210852
0.55000000      2.05970810e-01    0.058298884
0.65000000      3.45836017e-02    0.078895965
0.75000000      1.28029206e+00    0.082354325
0.85000000      8.93452045e-02    0.210383532
0.95000000      9.47727648e-02    0.219318052
1.05000000      1.08223505e-01    0.228795329
1.15000000      1.17687206e-01    0.239617679
1.25000000      1.29539107e-01    0.251386400
1.35000000      2.79426514e-01    0.264340310
1.45000000      9.75880249e-02    0.292282962
1.55000000      8.29254142e-01    0.302041764
1.65000000      1.10416306e-01    0.384967178
1.75000000      1.11511906e-01    0.396008809
1.85000000      1.11682406e-01    0.407160000
1.95000000      1.11183706e-01    0.418328240
2.05000000      1.11398706e-01    0.429446611
2.15000000      1.23158606e-01    0.440586481
2.25000000      1.44179807e-01    0.452902342
2.35000000      1.31036207e-01    0.467320323
2.45000000      1.96188710e-01    0.480423943
2.55000000      1.91575310e-01    0.500042814
2.65000000      1.21473606e-01    0.519200345
2.75000000      1.19575906e-01    0.531347706
2.85000000      1.56686708e-01    0.543305296
2.95000000      7.48496538e-02    0.558973967
3.05000000      1.38111707e-01    0.566458933
3.15000000      1.12854306e-01    0.580270103
3.25000000      1.30676207e-01    0.591555534
3.35000000      2.12945211e-01    0.604623154
3.45000000      1.55125508e-01    0.625917676
3.55000000      1.04361705e-01    0.641430226
3.65000000      5.56825428e-02    0.651866397
3.75000000      8.18358241e-02    0.657434651
3.85000000      8.71064244e-02    0.665618234
3.95000000      3.98269720e-02    0.674328876
4.05000000      3.15652116e-02    0.678311573
4.15000000      2.50951613e-02    0.681468094
4.25000000      2.19658511e-02    0.683977610
4.35000000      2.01752810e-01    0.686174196
4.45000000      1.48698207e-01    0.706349477
4.55000000      7.49820838e-03    0.721219297
4.65000000      5.50708928e-03    0.721969118
4.75000000      4.00312320e-03    0.722519827
4.85000000      3.04224315e-03    0.722920139
4.95000000      2.20927711e-03    0.723224364
5.05000000      7.35226837e-01    0.723445291
5.15000000      9.83215050e-04    0.796967975
5.25000000      6.27903032e-04    0.797066297
5.35000000      3.80955019e-04    0.797129087
5.45000000      1.73144009e-04    0.797167182
5.55000000      5.58296028e-05    0.797184497
5.65000000      1.35723007e-05    0.797190080
5.75000000      1.52741008e-06    0.797191437
5.85000000      2.02808410e+00    0.797191590
5.95000000      0.00000000e+00    1.000000000
Neutron E = 2.50000e+00   (9 of 29)
Distribution interpolation:   1  (histogram)
Number of Discrete Energies:  0
   EOUT           PDF              CDF             33 lines
0.00000000      4.38177691e-02    0.000000000
0.30000000      1.61304497e-01    0.013145331
0.50000000      1.74733696e-01    0.045406230
0.70000000      7.18791785e-01    0.080352969
0.90000000      9.54335180e-02    0.224111326
1.10000000      9.67379180e-02    0.243198030
1.30000000      2.43997495e-01    0.262545614
1.50000000      4.18881791e-01    0.311345113
1.70000000      1.23858197e-01    0.395121471
1.90000000      1.22740197e-01    0.419893110
2.10000000      1.33611397e-01    0.444441150
2.30000000      1.69050097e-01    0.471163429
2.50000000      1.64181397e-01    0.504973449
2.70000000      1.31200097e-01    0.537809728
2.90000000      1.55141697e-01    0.564049747
3.10000000      1.70446496e-01    0.595078087
3.30000000      1.33624597e-01    0.629167386
3.50000000      1.04059598e-01    0.655892305
3.70000000      1.17584098e-01    0.676704225
3.90000000      1.14389698e-01    0.700221045
4.10000000      6.50066187e-02    0.723098984
4.30000000      3.79971892e-02    0.736100308
4.50000000      1.31190997e-02    0.743699746
4.70000000      8.70928282e-02    0.746323566
4.90000000      8.40163683e-02    0.763742131
5.10000000      2.90111094e-03    0.780545405
5.30000000      1.64740197e-03    0.781125627
5.50000000      3.32115993e-01    0.781455107
5.70000000      1.73734996e-04    0.847878306
5.90000000      4.81239990e-05    0.847913053
6.10000000      4.82629990e-06    0.847922678
6.30000000      7.60381784e-01    0.847923643
6.50000000      0.00000000e+00    1.000000000
Neutron E = 3.00000e+00   (10 of 29)
Distribution interpolation:   1  (histogram)
Number of Discrete Energies:  0
   EOUT           PDF              CDF             36 lines
0.00000000      4.75653895e-02    0.000000000
0.30000000      1.76240398e-01    0.014269617
0.50000000      2.02144198e-01    0.049517696
0.70000000      7.00250492e-01    0.089946536
0.90000000      9.40815789e-02    0.229996634
1.10000000      9.57181489e-02    0.248812950
1.30000000      2.70866597e-01    0.267956580
1.50000000      4.24275995e-01    0.322129899
1.70000000      1.30916399e-01    0.406985098
1.90000000      1.26371699e-01    0.433168378
2.10000000      1.33916098e-01    0.458442718
2.30000000      1.48578698e-01    0.485225938
2.50000000      1.62486298e-01    0.514941677
2.70000000      1.31559699e-01    0.547438937
2.90000000      1.49690598e-01    0.573750877
3.10000000      1.21989599e-01    0.603688996
3.30000000      1.57525498e-01    0.628086916
3.50000000      1.49036698e-01    0.659592016
3.70000000      1.03952499e-01    0.689399355
3.90000000      8.34553891e-02    0.710189855
4.10000000      5.38264994e-02    0.726880933
4.30000000      1.50577198e-01    0.737646233
4.50000000      4.04109095e-02    0.767761672
4.70000000      5.03196094e-02    0.775843854
4.90000000      9.49412789e-03    0.785907776
5.10000000      6.43607793e-03    0.787806602
5.30000000      1.54602598e-01    0.789093817
5.50000000      2.41628097e-03    0.820014337
5.70000000      9.06994990e-04    0.820497593
5.90000000      4.19982995e-04    0.820678992
6.10000000      2.90207897e-01    0.820762989
6.30000000      6.25562993e-05    0.878804568
6.50000000      1.75475998e-05    0.878817079
6.70000000      1.96278998e-06    0.878820589
6.90000000      6.05895093e-01    0.878820981
7.10000000      0.00000000e+00    1.000000000
Neutron E = 3.50000e+00   (11 of 29)
Distribution interpolation:   1  (histogram)
Number of Discrete Energies:  0
   EOUT           PDF              CDF             38 lines
0.00000000      7.95058874e-02    0.000000000
0.30000000      2.94458690e-01    0.023851766
0.50000000      1.25821296e-01    0.082743504
0.70000000      4.40422086e-01    0.107907764
0.90000000      1.04315597e-01    0.195992181
1.10000000      9.61775069e-02    0.216855300
1.30000000      1.87616194e-01    0.236090801
1.50000000      6.31524580e-01    0.273614040
1.70000000      1.02869797e-01    0.399918956
1.90000000      9.95860868e-02    0.420492915
2.10000000      1.07375897e-01    0.440410133
2.30000000      1.46502895e-01    0.461885312
2.50000000      1.42273395e-01    0.491185891
2.70000000      1.02643597e-01    0.519640570
2.90000000      1.18539196e-01    0.540169290
3.10000000      1.42168795e-01    0.563877129
3.30000000      1.34880096e-01    0.592310888
3.50000000      1.29124196e-01    0.619286907
3.70000000      1.24018496e-01    0.645111746
3.90000000      1.13064896e-01    0.669915445
4.10000000      9.99672568e-02    0.692528425
4.30000000      7.41082376e-02    0.712521876
4.50000000      6.98469577e-02    0.727343523
4.70000000      9.74272468e-02    0.741312915
4.90000000      1.05637097e-01    0.760798364
5.10000000      6.92029178e-02    0.781925784
5.30000000      4.01631387e-02    0.795766367
5.50000000      1.35060796e-03    0.803798995
5.70000000      1.26704196e-01    0.804069117
5.90000000      3.05683890e-02    0.829409956
6.10000000      1.86857994e-04    0.835523634
6.30000000      9.05897971e-05    0.835561005
6.50000000      1.98122894e-01    0.835579123
6.70000000      1.25704996e-05    0.875203702
6.90000000      1.85442994e-06    0.875206216
7.10000000      8.60688972e-08    0.875206587
7.30000000      6.23966980e-01    0.875206604
7.50000000      0.00000000e+00    1.000000000
Neutron E = 4.00000e+00   (12 of 29)
Distribution interpolation:   1  (histogram)
Number of Discrete Energies:  0
   EOUT           PDF              CDF             41 lines
0.00000000      8.71884786e-02    0.000000000
0.30000000      3.36380194e-01    0.026156544
0.50000000      1.09034298e-01    0.093432582
0.70000000      3.69190094e-01    0.115239442
0.90000000      1.05296498e-01    0.189077461
1.10000000      9.83710184e-02    0.210136761
1.30000000      1.76076497e-01    0.229810964
1.50000000      6.79894189e-01    0.265026264
1.70000000      9.72686084e-02    0.401005101
1.90000000      9.41220484e-02    0.420458823
2.10000000      1.01903798e-01    0.439283233
2.30000000      1.38953398e-01    0.459663992
2.50000000      1.38686698e-01    0.487454672
2.70000000      9.84391784e-02    0.515192011
2.90000000      1.12846198e-01    0.534879847
3.10000000      9.68493984e-02    0.557449087
3.30000000      1.36006398e-01    0.576818966
3.50000000      1.30926098e-01    0.604020246
3.70000000      1.25117598e-01    0.630205466
3.90000000      1.21366298e-01    0.655228985
4.10000000      1.05986198e-01    0.679502245
4.30000000      9.83942784e-02    0.700699484
4.50000000      9.02430785e-02    0.720378340
4.70000000      5.12178191e-02    0.738426956
4.90000000      6.39054289e-02    0.748670520
5.10000000      2.93734195e-02    0.761451605
5.30000000      2.07144597e-01    0.767326289
5.50000000      4.27067393e-02    0.808755209
5.70000000      7.87284087e-02    0.817296556
5.90000000      6.38864989e-04    0.833042238
6.10000000      3.72709994e-04    0.833170011
6.30000000      1.55133497e-01    0.833244553
6.50000000      1.06652998e-04    0.864271253
6.70000000      5.88071990e-05    0.864292583
6.90000000      1.69834997e-05    0.864304345
7.10000000      1.64087497e-01    0.864307741
7.30000000      8.46882986e-07    0.897125241
7.50000000      2.28432996e-07    0.897125410
7.70000000      2.91092995e-08    0.897125456
7.90000000      5.14372691e-01    0.897125462
8.10000000      0.00000000e+00    1.000000000
Neutron E = 5.00000e+00   (13 of 29)
Distribution interpolation:   1  (histogram)
Number of Discrete Energies:  0
   EOUT           PDF              CDF             46 lines
0.00000000      6.89010294e-02    0.000000000
0.30000000      2.78109798e-01    0.020670309
0.50000000      1.08417399e-01    0.076292268
0.70000000      4.20750397e-01    0.097975748
0.90000000      8.76744193e-02    0.182125828
1.10000000      8.66831093e-02    0.199660711
1.30000000      1.68596999e-01    0.216997333
1.50000000      5.58615695e-01    0.250716733
1.70000000      8.75621393e-02    0.362439872
1.90000000      8.58214493e-02    0.379952300
2.10000000      9.39095792e-02    0.397116590
2.30000000      1.21148999e-01    0.415898506
2.50000000      1.27960999e-01    0.440128305
2.70000000      9.47153792e-02    0.465720505
2.90000000      1.08891199e-01    0.484663581
3.10000000      9.49013292e-02    0.506441821
3.30000000      1.32525699e-01    0.525422087
3.50000000      1.29044899e-01    0.551927226
3.70000000      1.25051299e-01    0.577736206
3.90000000      1.23193599e-01    0.602746466
4.10000000      1.09553499e-01    0.627385186
4.30000000      1.02012699e-01    0.649295886
4.50000000      9.43921792e-02    0.669698426
4.70000000      9.08201193e-02    0.688576861
4.90000000      8.69801093e-02    0.706740885
5.10000000      8.33864393e-02    0.724136907
5.30000000      7.95559993e-02    0.740814195
5.50000000      7.54919594e-02    0.756725395
5.70000000      3.67837197e-02    0.771823787
5.90000000      4.68810296e-02    0.779180531
6.10000000      2.12766898e-02    0.788556737
6.30000000      1.50643699e-01    0.792812074
6.50000000      3.13449597e-02    0.822940814
6.70000000      7.77536694e-02    0.829209806
6.90000000      4.13039997e-05    0.844760540
7.10000000      1.59987999e-05    0.844768801
7.30000000      1.46331399e-01    0.844772001
7.50000000      2.83405998e-06    0.874038280
7.70000000      1.75056999e-06    0.874038847
7.90000000      1.04733999e-06    0.874039197
8.10000000      2.04768298e-01    0.874039407
8.30000000      2.04033998e-07    0.914993066
8.50000000      5.94091995e-08    0.914993107
8.70000000      7.85631994e-09    0.914993119
8.90000000      4.25034397e-01    0.914993121
9.10000000      0.00000000e+00    1.000000000
Neutron E = 6.00000e+00   (14 of 29)
Distribution interpolation:   1  (histogram)
Number of Discrete Energies:  0
   EOUT           PDF              CDF             51 lines
0.00000000      4.98260896e-02    0.000000000
0.30000000      2.00855099e-01    0.014947827
0.50000000      1.10705899e-01    0.055118847
0.70000000      4.59321397e-01    0.077260026
0.90000000      7.15232595e-02    0.169124306
1.10000000      7.69881594e-02    0.183428958
1.30000000      1.67172299e-01    0.198826590
1.50000000      4.27136397e-01    0.232261049
1.70000000      8.47201194e-02    0.317688329
1.90000000      8.40188494e-02    0.334632353
2.10000000      9.17614893e-02    0.351436122
2.30000000      1.10701299e-01    0.369788420
2.50000000      1.22523099e-01    0.391928680
2.70000000      9.59900293e-02    0.416433300
2.90000000      1.09565799e-01    0.435631306
3.10000000      9.68677793e-02    0.457544466
3.30000000      1.30977799e-01    0.476918021
3.50000000      1.28504799e-01    0.503113581
3.70000000      1.25542599e-01    0.528814541
3.90000000      1.24903199e-01    0.553923061
4.10000000      1.14355499e-01    0.578903701
4.30000000      1.07632199e-01    0.601774801
4.50000000      1.00338499e-01    0.623301240
4.70000000      9.70883793e-02    0.643368940
4.90000000      9.33629593e-02    0.662786616
5.10000000      8.98047393e-02    0.681459208
5.30000000      8.58772994e-02    0.699420156
5.50000000      8.16572794e-02    0.716595616
5.70000000      7.67252194e-02    0.732927072
5.90000000      7.26201395e-02    0.748272115
6.10000000      6.85102695e-02    0.762796143
6.30000000      6.43362995e-02    0.776498197
6.50000000      6.03282096e-02    0.789365457
6.70000000      2.54089198e-02    0.801431099
6.90000000      3.24700998e-02    0.806512883
7.10000000      1.71072699e-02    0.813006903
7.30000000      1.03995099e-01    0.816428357
7.50000000      2.23651898e-02    0.837227377
7.70000000      6.51775195e-02    0.841700415
7.90000000      3.25380998e-06    0.854735919
8.10000000      2.20489998e-06    0.854736569
8.30000000      1.40184199e-01    0.854737010
8.50000000      9.18024993e-07    0.882773850
8.70000000      5.96298996e-07    0.882774034
8.90000000      3.79097997e-07    0.882774153
9.10000000      2.22368498e-01    0.882774229
9.30000000      1.12613999e-07    0.927247929
9.50000000      4.09802997e-08    0.927247951
9.70000000      6.36424995e-09    0.927247959
9.90000000      3.63760197e-01    0.927247961
10.10000000      0.00000000e+00    1.000000000
Neutron E = 7.00000e+00   (15 of 29)
Distribution interpolation:   1  (histogram)
Number of Discrete Energies:  0
   EOUT           PDF              CDF             56 lines
0.00000000      4.24767502e-02    0.000000000
0.30000000      1.66740601e-01    0.012743025
0.50000000      1.20754801e-01    0.046091145
0.70000000      4.71525402e-01    0.070242105
0.90000000      6.02814003e-02    0.164547186
1.10000000      7.00907604e-02    0.176603466
1.30000000      1.74028701e-01    0.190621618
1.50000000      3.62912002e-01    0.225427358
1.70000000      8.33332904e-02    0.298009759
1.90000000      8.22790604e-02    0.314676417
2.10000000      8.87777904e-02    0.331132229
2.30000000      1.01712001e-01    0.348887787
2.50000000      1.14162901e-01    0.369230187
2.70000000      9.36694905e-02    0.392062767
2.90000000      1.05185801e-01    0.410796665
3.10000000      9.42222905e-02    0.431833825
3.30000000      1.21084501e-01    0.450678283
3.50000000      1.19120101e-01    0.474895183
3.70000000      1.16735501e-01    0.498719204
3.90000000      1.16671101e-01    0.522066304
4.10000000      1.10037401e-01    0.545400524
4.30000000      1.05692301e-01    0.567408004
4.50000000      1.00037801e-01    0.588546464
4.70000000      9.76385205e-02    0.608554024
4.90000000      9.45695605e-02    0.628081728
5.10000000      9.16649205e-02    0.646995640
5.30000000      8.81978804e-02    0.665328624
5.50000000      8.42836204e-02    0.682968200
5.70000000      7.94489604e-02    0.699824925
5.90000000      7.54116004e-02    0.715714717
6.10000000      7.13087404e-02    0.730797037
6.30000000      6.70150303e-02    0.745058785
6.50000000      6.27721403e-02    0.758461791
6.70000000      5.89295903e-02    0.771016219
6.90000000      5.52594903e-02    0.782802137
7.10000000      5.19066803e-02    0.793854035
7.30000000      4.88924402e-02    0.804235371
7.50000000      4.62553402e-02    0.814013859
7.70000000      2.00116201e-02    0.823264927
7.90000000      2.66774401e-02    0.827267251
8.10000000      1.57188101e-02    0.832602739
8.30000000      7.68074504e-02    0.835746501
8.50000000      1.98766101e-02    0.851107991
8.70000000      6.28478003e-02    0.855083313
8.90000000      1.26981001e-06    0.867652873
9.10000000      1.02566001e-06    0.867653127
9.30000000      1.42566701e-01    0.867653332
9.50000000      6.44994003e-07    0.896166673
9.70000000      4.85025002e-07    0.896166802
9.90000000      3.41205002e-07    0.896166899
10.10000000      2.24303601e-01    0.896166967
10.30000000      1.14249001e-07    0.941027687
10.50000000      4.23640002e-08    0.941027710
10.70000000      6.61505003e-09    0.941027718
10.90000000      2.94861401e-01    0.941027720
11.10000000      0.00000000e+00    1.000000000
Neutron E = 8.00000e+00   (16 of 29)
Distribution interpolation:   1  (histogram)
Number of Discrete Energies:  0
   EOUT           PDF              CDF             60 lines
0.00000000      4.08723001e-02    0.000000000
0.30000000      1.57710900e-01    0.012261690
0.50000000      1.25338600e-01    0.043803870
0.70000000      4.92203701e-01    0.068871590
0.90000000      5.05640401e-02    0.167312330
1.10000000      6.31496901e-02    0.177425138
1.30000000      1.74342500e-01    0.190055076
1.50000000      3.39559901e-01    0.224923576
1.70000000      7.63260301e-02    0.292835556
1.90000000      7.49360001e-02    0.308100762
2.10000000      8.02746701e-02    0.323087962
2.30000000      8.98351901e-02    0.339142897
2.50000000      1.02276400e-01    0.357109935
2.70000000      8.52312801e-02    0.377565215
2.90000000      9.46990701e-02    0.394611471
3.10000000      1.07190800e-01    0.413551285
3.30000000      1.05935200e-01    0.434989445
3.50000000      1.04457000e-01    0.456176485
3.70000000      1.02563200e-01    0.477067885
3.90000000      9.72233201e-02    0.497580525
4.10000000      9.52214701e-02    0.517025189
4.30000000      9.20638801e-02    0.536069483
4.50000000      9.13018101e-02    0.554482259
4.70000000      9.03662901e-02    0.572742621
4.90000000      8.85254701e-02    0.590815879
5.10000000      8.66544301e-02    0.608520973
5.30000000      8.42734001e-02    0.625851859
5.50000000      8.06033501e-02    0.642706539
5.70000000      7.71750401e-02    0.658827209
5.90000000      7.37674301e-02    0.674262217
6.10000000      7.01511901e-02    0.689015703
6.30000000      6.62509801e-02    0.703045941
6.50000000      6.22299001e-02    0.716296137
6.70000000      5.85507301e-02    0.728742117
6.90000000      5.50417101e-02    0.740452263
7.10000000      5.17259901e-02    0.751460605
7.30000000      4.86619501e-02    0.761805803
7.50000000      4.58785801e-02    0.771538193
7.70000000      4.33998601e-02    0.780713909
7.90000000      4.12393901e-02    0.789393881
8.10000000      3.94063901e-02    0.797641759
8.30000000      3.79085601e-02    0.805523037
8.50000000      3.67553901e-02    0.813104749
8.70000000      1.69079600e-02    0.820455827
8.90000000      2.52701800e-02    0.823837419
9.10000000      1.61907900e-02    0.828891455
9.30000000      6.28777201e-02    0.832129613
9.50000000      2.03652800e-02    0.844705157
9.70000000      6.90360101e-02    0.848778213
9.90000000      9.68673001e-07    0.862585415
10.10000000      8.02838001e-07    0.862585609
10.30000000      1.60428900e-01    0.862585770
10.50000000      4.77132001e-07    0.894671550
10.70000000      3.28128000e-07    0.894671645
10.90000000      2.00938000e-07    0.894671711
11.10000000      2.54813800e-01    0.894671751
11.30000000      3.88262001e-08    0.945634511
11.50000000      6.03535001e-09    0.945634519
11.70000000      2.71827400e-01    0.945634520
11.90000000      0.00000000e+00    1.000000000
Neutron E = 9.00000e+00   (17 of 29)
Distribution interpolation:   1  (histogram)
Number of Discrete Energies:  0
   EOUT           PDF              CDF             65 lines
0.00000000      4.40843079e-02    0.000000000
0.30000000      1.68842892e-01    0.013225292
0.50000000      1.30919994e-01    0.046993871
0.70000000      5.37287474e-01    0.073177870
0.90000000      4.19805780e-02    0.180635364
1.10000000      5.67985973e-02    0.189031480
1.30000000      1.75039792e-01    0.200391199
1.50000000      3.50800983e-01    0.235399158
1.70000000      6.53791969e-02    0.305559354
1.90000000      6.33783070e-02    0.318635194
2.10000000      6.75957768e-02    0.331310855
2.30000000      7.56832264e-02    0.344830011
2.50000000      8.85544258e-02    0.359966656
2.70000000      7.22879766e-02    0.377677541
2.90000000      7.99578462e-02    0.392135136
3.10000000      9.02588057e-02    0.408126706
3.30000000      8.88383358e-02    0.426178467
3.50000000      8.73831458e-02    0.443946134
3.70000000      8.56299059e-02    0.461422763
3.90000000      8.18339961e-02    0.478548744
4.10000000      8.08651961e-02    0.494915543
4.30000000      7.88022362e-02    0.511088583
4.50000000      7.86221863e-02    0.526849030
4.70000000      7.83441063e-02    0.542573467
4.90000000      7.74180263e-02    0.558242288
5.10000000      7.63791664e-02    0.573725894
5.30000000      7.48831164e-02    0.589001727
5.50000000      7.22947366e-02    0.603978350
5.70000000      6.96744067e-02    0.618437298
5.90000000      6.69969268e-02    0.632372179
6.10000000      6.41022169e-02    0.645771564
6.30000000      6.08701271e-02    0.658592008
6.50000000      5.74398573e-02    0.670766033
6.70000000      5.42934874e-02    0.682254004
6.90000000      5.12442276e-02    0.693112702
7.10000000      4.83160177e-02    0.703361547
7.30000000      4.55654078e-02    0.713024751
7.50000000      4.30212780e-02    0.722137833
7.70000000      4.07060581e-02    0.730742088
7.90000000      3.86320382e-02    0.738883300
8.10000000      3.68072182e-02    0.746609707
8.30000000      3.52364883e-02    0.753971151
8.50000000      3.39260184e-02    0.761018449
8.70000000      3.28828684e-02    0.767803652
8.90000000      3.21183985e-02    0.774380226
9.10000000      3.16461385e-02    0.780803906
9.30000000      3.14848185e-02    0.787133134
9.50000000      3.16578085e-02    0.793430097
9.70000000      2.25588989e-02    0.799761659
9.90000000      1.91078491e-02    0.804273439
10.10000000      1.83790891e-02    0.808095009
10.30000000      5.85456872e-02    0.811770826
10.50000000      2.33527389e-02    0.823479964
10.70000000      8.42294060e-02    0.828150512
10.90000000      7.87935962e-07    0.844996393
11.10000000      6.53219969e-07    0.844996550
11.30000000      1.98972391e-01    0.844996681
11.50000000      3.84227982e-07    0.884791159
11.70000000      2.60572988e-07    0.884791236
11.90000000      1.55750993e-07    0.884791288
12.10000000      3.13016985e-01    0.884791319
12.30000000      2.75595987e-08    0.947394716
12.50000000      3.99409981e-09    0.947394722
12.70000000      2.63026387e-01    0.947394723
12.90000000      0.00000000e+00    1.000000000
Neutron E = 1.00000e+01   (18 of 29)
Distribution interpolation:   1  (histogram)
Number of Discrete Energies:  0
   EOUT           PDF              CDF             70 lines
0.00000000      5.31507714e-02    0.000000000
0.30000000      2.03921906e-01    0.015945231
0.50000000      1.41030504e-01    0.056729613
0.70000000      5.65422215e-01    0.084935713
0.90000000      3.64965210e-02    0.198020156
1.10000000      5.41217115e-02    0.205319461
1.30000000      1.82528805e-01    0.216143803
1.50000000      4.03939011e-01    0.252649564
1.70000000      5.46057215e-02    0.333437366
1.90000000      5.19307814e-02    0.344358510
2.10000000      5.52148715e-02    0.354744667
2.30000000      6.33236517e-02    0.365787641
2.50000000      7.80176321e-02    0.378452371
2.70000000      5.94432916e-02    0.394055898
2.90000000      6.59861718e-02    0.405944556
3.10000000      7.59026221e-02    0.419141790
3.30000000      7.40050020e-02    0.434322315
3.50000000      7.22610420e-02    0.449123315
3.70000000      7.03880319e-02    0.463575524
3.90000000      6.71580018e-02    0.477653130
4.10000000      6.64425718e-02    0.491084730
4.30000000      6.48382518e-02    0.504373245
4.50000000      6.48713818e-02    0.517340895
4.70000000      6.49114118e-02    0.530315171
4.90000000      6.45279217e-02    0.543297454
5.10000000      6.40232117e-02    0.556203038
5.30000000      6.31603217e-02    0.569007680
5.50000000      6.14534017e-02    0.581639745
5.70000000      5.96112216e-02    0.593930425
5.90000000      5.76535516e-02    0.605852669
6.10000000      5.54913815e-02    0.617383380
6.30000000      5.30083014e-02    0.628481656
6.50000000      5.03046114e-02    0.639083316
6.70000000      4.77948413e-02    0.649144239
6.90000000      4.53241812e-02    0.658703207
7.10000000      4.29206912e-02    0.667768043
7.30000000      4.06349911e-02    0.676352181
7.50000000      3.84953610e-02    0.684479180
7.70000000      3.65222810e-02    0.692178252
7.90000000      3.47274909e-02    0.699482708
8.10000000      3.31181109e-02    0.706428206
8.30000000      3.16980609e-02    0.713051828
8.50000000      3.04721608e-02    0.719391440
8.70000000      2.94452508e-02    0.725485873
8.90000000      2.86246808e-02    0.731374923
9.10000000      2.80205908e-02    0.737099859
9.30000000      2.76451607e-02    0.742703977
9.50000000      2.75149607e-02    0.748233009
9.70000000      2.76502207e-02    0.753736001
9.90000000      2.80767208e-02    0.759266046
10.10000000      2.88259708e-02    0.764881390
10.30000000      2.99357008e-02    0.770646584
10.50000000      3.14491509e-02    0.776633724
10.70000000      2.35352206e-02    0.782923554
10.90000000      2.29780506e-02    0.787630598
11.10000000      2.31692206e-02    0.792226208
11.30000000      6.44485617e-02    0.796860053
11.50000000      2.97532708e-02    0.809749765
11.70000000      1.11050203e-01    0.815700419
11.90000000      5.62271015e-07    0.837910460
12.10000000      4.50026012e-07    0.837910572
12.30000000      2.52278707e-01    0.837910662
12.50000000      2.34000006e-07    0.888366403
12.70000000      1.44586004e-07    0.888366450
12.90000000      7.71495021e-08    0.888366479
13.10000000      3.43755209e-01    0.888366495
13.30000000      1.05162003e-08    0.957117536
13.50000000      1.33110004e-09    0.957117539
13.70000000      2.14412306e-01    0.957117539
13.90000000      0.00000000e+00    1.000000000
Neutron E = 1.10000e+01   (19 of 29)
Distribution interpolation:   1  (histogram)
Number of Discrete Energies:  0
   EOUT           PDF              CDF             75 lines
0.00000000      6.91366001e-02    0.000000000
0.30000000      2.61505800e-01    0.020740980
0.50000000      1.46454900e-01    0.073042140
0.70000000      4.99570500e-01    0.102333120
0.90000000      3.65926100e-02    0.202247220
1.10000000      5.98117600e-02    0.209565742
1.30000000      1.91358900e-01    0.221528094
1.50000000      4.91782500e-01    0.259799874
1.70000000      4.98266400e-02    0.358156374
1.90000000      4.58537400e-02    0.368121702
2.10000000      4.85037500e-02    0.377292450
2.30000000      5.79324500e-02    0.386993200
2.50000000      7.71084401e-02    0.398579690
2.70000000      5.22126900e-02    0.414001378
2.90000000      5.86498100e-02    0.424443916
3.10000000      7.04116001e-02    0.436173878
3.30000000      6.74321601e-02    0.450256198
3.50000000      6.47961301e-02    0.463742630
3.70000000      6.22441601e-02    0.476701856
3.90000000      5.84840900e-02    0.489150688
4.10000000      5.72881200e-02    0.500847506
4.30000000      5.54853300e-02    0.512305130
4.50000000      5.54308900e-02    0.523402196
4.70000000      5.55338900e-02    0.534488374
4.90000000      5.53777300e-02    0.545595152
5.10000000      5.51411800e-02    0.556670698
5.30000000      5.46421600e-02    0.567698934
5.50000000      5.34594300e-02    0.578627366
5.70000000      5.21416900e-02    0.589319252
5.90000000      5.06860000e-02    0.599747590
6.10000000      4.90423200e-02    0.609884790
6.30000000      4.71137200e-02    0.619693255
6.50000000      4.49710200e-02    0.629115999
6.70000000      4.29414400e-02    0.638110203
6.90000000      4.09149800e-02    0.646698491
7.10000000      3.89210900e-02    0.654881487
7.30000000      3.70055500e-02    0.662665705
7.50000000      3.51955900e-02    0.670066815
7.70000000      3.35109000e-02    0.677105933
7.90000000      3.19626800e-02    0.683808113
8.10000000      3.05575700e-02    0.690200649
8.30000000      2.92994300e-02    0.696312163
8.50000000      2.81921200e-02    0.702172049
8.70000000      2.72398700e-02    0.707810473
8.90000000      2.64487500e-02    0.713258447
9.10000000      2.58259300e-02    0.718548197
9.30000000      2.53813500e-02    0.723713383
9.50000000      2.51273300e-02    0.728789653
9.70000000      2.50795100e-02    0.733815119
9.90000000      2.52575600e-02    0.738831021
10.10000000      2.56854000e-02    0.743882533
10.30000000      2.63920900e-02    0.749019613
10.50000000      2.74109300e-02    0.754298031
10.70000000      2.87783300e-02    0.759780217
10.90000000      3.05340300e-02    0.765535883
11.10000000      3.27173800e-02    0.771642689
11.30000000      3.53668400e-02    0.778186165
11.50000000      3.85153200e-02    0.785259533
11.70000000      2.92028600e-02    0.792962597
11.90000000      3.16744500e-02    0.798803169
12.10000000      5.49909000e-02    0.805138059
12.30000000      5.97231000e-02    0.816136239
12.50000000      4.01705800e-02    0.828080859
12.70000000      1.44565600e-01    0.836114975
12.90000000      2.82946000e-07    0.865028095
13.10000000      1.99691000e-07    0.865028151
13.30000000      2.71425700e-01    0.865028191
13.50000000      7.85253001e-08    0.919313331
13.70000000      4.23170000e-08    0.919313347
13.90000000      1.99794000e-08    0.919313355
14.10000000      2.71927800e-01    0.919313359
14.30000000      2.27900000e-09    0.973698919
14.50000000      2.72285000e-10    0.973698920
14.70000000      1.31505400e-01    0.973698920
14.90000000      0.00000000e+00    1.000000000
Neutron E = 1.20000e+01   (20 of 29)
Distribution interpolation:   1  (histogram)
Number of Discrete Energies:  0
   EOUT           PDF              CDF             80 lines
0.00000000      7.78471304e-02    0.000000000
0.30000000      2.83268001e-01    0.023354139
0.50000000      1.41222001e-01    0.080007739
0.70000000      4.07542602e-01    0.108252140
0.90000000      4.12821902e-02    0.189760660
1.10000000      7.14940004e-02    0.198017098
1.30000000      1.96422301e-01    0.212315898
1.50000000      5.22962203e-01    0.251600358
1.70000000      5.39281603e-02    0.356192799
1.90000000      4.72768502e-02    0.366978431
2.10000000      4.93241602e-02    0.376433801
2.30000000      5.92159303e-02    0.386298633
2.50000000      8.43203604e-02    0.398141819
2.70000000      5.23466003e-02    0.415005891
2.90000000      5.93921303e-02    0.425475211
3.10000000      7.53241004e-02    0.437353637
3.30000000      7.09316704e-02    0.452418457
3.50000000      6.68415603e-02    0.466604791
3.70000000      6.29171503e-02    0.479973103
3.90000000      5.73742103e-02    0.492556533
4.10000000      5.48530603e-02    0.504031376
4.30000000      5.20027703e-02    0.515001988
4.50000000      5.14840403e-02    0.525402542
4.70000000      5.13894003e-02    0.535699350
4.90000000      5.12059403e-02    0.545977230
5.10000000      5.10358803e-02    0.556218418
5.30000000      5.07069103e-02    0.566425594
5.50000000      4.97658602e-02    0.576566976
5.70000000      4.87345302e-02    0.586520148
5.90000000      4.75669002e-02    0.596267054
6.10000000      4.62314702e-02    0.605780434
6.30000000      4.46344102e-02    0.615026728
6.50000000      4.28275702e-02    0.623953610
6.70000000      4.10833902e-02    0.632519124
6.90000000      3.93201502e-02    0.640735802
7.10000000      3.75672502e-02    0.648599832
7.30000000      3.58682902e-02    0.656113282
7.50000000      3.42505602e-02    0.663286940
7.70000000      3.27334402e-02    0.670137052
7.90000000      3.13284102e-02    0.676683740
8.10000000      3.00424002e-02    0.682949422
8.30000000      2.88792901e-02    0.688957902
8.50000000      2.78429501e-02    0.694733760
8.70000000      2.69374301e-02    0.700302351
8.90000000      2.61677301e-02    0.705689837
9.10000000      2.55407901e-02    0.710923383
9.30000000      2.50647001e-02    0.716031541
9.50000000      2.47501001e-02    0.721044481
9.70000000      2.46105601e-02    0.725994501
9.90000000      2.46627301e-02    0.730916613
10.10000000      2.49272601e-02    0.735849159
10.30000000      2.54290401e-02    0.740834611
10.50000000      2.61963201e-02    0.745920419
10.70000000      2.72599401e-02    0.751159683
10.90000000      2.86522201e-02    0.756611671
11.10000000      3.04046402e-02    0.762342115
11.30000000      3.25465902e-02    0.768423043
11.50000000      3.51006902e-02    0.774932361
11.70000000      3.80780702e-02    0.781952499
11.90000000      4.14695302e-02    0.789568113
12.10000000      4.52329302e-02    0.797862019
12.30000000      4.92804002e-02    0.806908605
12.50000000      5.34646603e-02    0.816764685
12.70000000      3.85756402e-02    0.827457617
12.90000000      4.33868402e-02    0.835172745
13.10000000      7.14302104e-02    0.843850113
13.30000000      6.88464003e-02    0.858136155
13.50000000      4.53889302e-02    0.871905435
13.70000000      1.44201501e-01    0.880983221
13.90000000      7.93312004e-08    0.909823522
14.10000000      5.03471003e-08    0.909823537
14.30000000      2.08510401e-01    0.909823547
14.50000000      1.70575001e-08    0.951525628
14.70000000      8.79342004e-09    0.951525631
14.90000000      4.03843002e-09    0.951525633
15.10000000      1.67779001e-01    0.951525634
15.30000000      4.51242002e-10    0.985081434
15.50000000      5.39291003e-11    0.985081434
15.70000000      7.45928304e-02    0.985081434
15.90000000      0.00000000e+00    1.000000000
Neutron E = 1.30000e+01   (21 of 29)
Distribution interpolation:   1  (histogram)
Number of Discrete Energies:  0
   EOUT           PDF              CDF             85 lines
0.00000000      6.59990905e-02    0.000000000
0.30000000      2.30331002e-01    0.019799727
0.50000000      1.46013701e-01    0.065865928
0.70000000      3.75080803e-01    0.095068668
0.90000000      4.47102003e-02    0.170084828
1.10000000      7.35358705e-02    0.179026868
1.30000000      2.04307801e-01    0.193734042
1.50000000      4.43574303e-01    0.234595603
1.70000000      6.47979504e-02    0.323310463
1.90000000      5.43380204e-02    0.336270053
2.10000000      5.56482304e-02    0.347137657
2.30000000      7.85429005e-02    0.358267303
2.50000000      8.68380106e-02    0.373975884
2.70000000      5.67495804e-02    0.391343486
2.90000000      6.36497504e-02    0.402693402
3.10000000      8.17966006e-02    0.415423352
3.30000000      7.73210705e-02    0.431782672
3.50000000      7.24978105e-02    0.447246886
3.70000000      6.88988005e-02    0.461746448
3.90000000      6.17549404e-02    0.475526208
4.10000000      5.76201704e-02    0.487877196
4.30000000      5.30217304e-02    0.499401230
4.50000000      5.17700904e-02    0.510005577
4.70000000      5.09323604e-02    0.520359595
4.90000000      5.07373404e-02    0.530546067
5.10000000      5.04714404e-02    0.540693535
5.30000000      5.01107603e-02    0.550787823
5.50000000      4.93031603e-02    0.560809975
5.70000000      4.84619303e-02    0.570670607
5.90000000      4.74252303e-02    0.580362993
6.10000000      4.61955003e-02    0.589848039
6.30000000      4.47435103e-02    0.599087139
6.50000000      4.32860503e-02    0.608035841
6.70000000      4.17173903e-02    0.616693051
6.90000000      4.00959403e-02    0.625036529
7.10000000      3.84668903e-02    0.633055717
7.30000000      3.68751003e-02    0.640749095
7.50000000      3.53487302e-02    0.648124115
7.70000000      3.39084602e-02    0.655193862
7.90000000      3.25663102e-02    0.661975554
8.10000000      3.13297202e-02    0.668488816
8.30000000      3.02032702e-02    0.674754760
8.50000000      2.91909102e-02    0.680795414
8.70000000      2.82969102e-02    0.686633596
8.90000000      2.75262702e-02    0.692292978
9.10000000      2.68853802e-02    0.697798232
9.30000000      2.63823202e-02    0.703175308
9.50000000      2.60271202e-02    0.708451772
9.70000000      2.58322602e-02    0.713657196
9.90000000      2.58133902e-02    0.718823648
10.10000000      2.59903102e-02    0.723986326
10.30000000      2.63862802e-02    0.729184388
10.50000000      2.70277702e-02    0.734461644
10.70000000      2.79433802e-02    0.739867198
10.90000000      2.91621602e-02    0.745455874
11.10000000      3.07115102e-02    0.751288306
11.30000000      3.26155902e-02    0.757430608
11.50000000      3.48913102e-02    0.763953726
11.70000000      3.75433703e-02    0.770931988
11.90000000      4.05565603e-02    0.778440662
12.10000000      4.38854003e-02    0.786551974
12.30000000      4.74428803e-02    0.795329055
12.50000000      5.10892004e-02    0.804817631
12.70000000      5.46282704e-02    0.815035471
12.90000000      5.78139704e-02    0.825961125
13.10000000      6.03758204e-02    0.837523919
13.30000000      6.20629804e-02    0.849599083
13.50000000      6.26977804e-02    0.862011679
13.70000000      4.00621703e-02    0.874551235
13.90000000      4.37107703e-02    0.882563669
14.10000000      6.59905705e-02    0.891305823
14.30000000      5.67203804e-02    0.904503937
14.50000000      3.55337102e-02    0.915848013
14.70000000      1.03058101e-01    0.922954755
14.90000000      1.53459001e-08    0.943566376
15.10000000      9.55800007e-09    0.943566379
15.30000000      1.32990901e-01    0.943566381
15.50000000      3.28853002e-09    0.970164561
15.70000000      1.75820001e-09    0.970164561
15.90000000      1.02939101e-01    0.970164562
16.10000000      3.45160002e-10    0.990752382
16.30000000      9.86376007e-11    0.990752382
16.50000000      1.19127001e-11    0.990752382
16.70000000      4.62380903e-02    0.990752382
16.90000000      0.00000000e+00    1.000000000
Neutron E = 1.40000e+01   (22 of 29)
Distribution interpolation:   1  (histogram)
Number of Discrete Energies:  0
   EOUT           PDF              CDF             90 lines
0.00000000      5.10021892e-02    0.000000000
0.30000000      1.62862297e-01    0.015300657
0.50000000      1.60387697e-01    0.047873116
0.70000000      3.69144294e-01    0.079950656
0.90000000      4.46248293e-02    0.153779514
1.10000000      6.56782089e-02    0.162704480
1.30000000      2.08825397e-01    0.175840122
1.50000000      3.29809095e-01    0.217605201
1.70000000      7.69356387e-02    0.283567020
1.90000000      6.12463290e-02    0.298954148
2.10000000      6.12632090e-02    0.311203414
2.30000000      7.92405887e-02    0.323456056
2.50000000      8.30216386e-02    0.339304173
2.70000000      6.12633590e-02    0.355908501
2.90000000      6.70972589e-02    0.368161173
3.10000000      8.13836487e-02    0.381580625
3.30000000      7.84713187e-02    0.397857354
3.50000000      7.50167388e-02    0.413551618
3.70000000      7.27113388e-02    0.428554966
3.90000000      6.66017489e-02    0.443097234
4.10000000      6.23520590e-02    0.456417584
4.30000000      5.70003791e-02    0.468887995
4.50000000      5.50984991e-02    0.480288071
4.70000000      5.35717791e-02    0.491307771
4.90000000      5.29954691e-02    0.502022127
5.10000000      5.24225891e-02    0.512621221
5.30000000      5.18865992e-02    0.523105738
5.50000000      5.08671892e-02    0.533483058
5.70000000      4.99921892e-02    0.543656496
5.90000000      4.89803992e-02    0.553654934
6.10000000      4.78295692e-02    0.563451014
6.30000000      4.64709992e-02    0.573016928
6.50000000      4.51246793e-02    0.582311127
6.70000000      4.36569393e-02    0.591336063
6.90000000      4.21239393e-02    0.600067451
7.10000000      4.05695893e-02    0.608492239
7.30000000      3.90398694e-02    0.616606157
7.50000000      3.75636294e-02    0.624414131
7.70000000      3.61632394e-02    0.631926857
7.90000000      3.48515694e-02    0.639159505
8.10000000      3.36371195e-02    0.646129818
8.30000000      3.25246695e-02    0.652857242
8.50000000      3.15189995e-02    0.659362176
8.70000000      3.06242895e-02    0.665665976
8.90000000      2.98462095e-02    0.671790834
9.10000000      2.91908995e-02    0.677760076
9.30000000      2.86667095e-02    0.683598256
9.50000000      2.82836395e-02    0.689331598
9.70000000      2.80539495e-02    0.694988326
9.90000000      2.79934695e-02    0.700599116
10.10000000      2.81216095e-02    0.706197809
10.30000000      2.84618095e-02    0.711822131
10.50000000      2.90400595e-02    0.717514493
10.70000000      2.98847395e-02    0.723322505
10.90000000      3.10231795e-02    0.729299453
11.10000000      3.24809095e-02    0.735504089
11.30000000      3.42786894e-02    0.742000271
11.50000000      3.64286194e-02    0.748856009
11.70000000      3.89301094e-02    0.756141733
11.90000000      4.17619393e-02    0.763927755
12.10000000      4.48727393e-02    0.772280142
12.30000000      4.81712592e-02    0.781254690
12.50000000      5.15181692e-02    0.790888942
12.70000000      5.47229091e-02    0.801192576
12.90000000      5.75530991e-02    0.812137158
13.10000000      5.97578390e-02    0.823647778
13.30000000      6.11086390e-02    0.835599345
13.50000000      6.14489890e-02    0.847821073
13.70000000      6.07330390e-02    0.860110871
13.90000000      5.90384490e-02    0.872257479
14.10000000      5.65426491e-02    0.884065169
14.30000000      5.34776891e-02    0.895373698
14.50000000      5.00811992e-02    0.906069236
14.70000000      2.94529895e-02    0.916085476
14.90000000      3.13252995e-02    0.921976074
15.10000000      4.54808593e-02    0.928241134
15.30000000      3.75712394e-02    0.937337306
15.50000000      2.32373696e-02    0.944851554
15.70000000      6.64541989e-02    0.949499027
15.90000000      3.43412994e-09    0.962789867
16.10000000      2.15649996e-09    0.962789868
16.30000000      8.58479386e-02    0.962789868
16.50000000      7.56955988e-10    0.979959456
16.70000000      4.08913993e-10    0.979959456
16.90000000      6.85018289e-02    0.979959456
17.10000000      8.19112987e-11    0.993659822
17.30000000      2.36303996e-11    0.993659822
17.50000000      2.87976995e-12    0.993659822
17.70000000      3.17008895e-02    0.993659822
17.90000000      0.00000000e+00    1.000000000
Neutron E = 1.60000e+01   (23 of 29)
Distribution interpolation:   1  (histogram)
Number of Discrete Energies:  0
   EOUT           PDF              CDF             100 lines
0.00000000      3.89265096e-02    0.000000000
0.30000000      8.81257390e-02    0.011677953
0.50000000      1.69231498e-01    0.029303101
0.70000000      3.12261497e-01    0.063149400
0.90000000      4.14576095e-02    0.125601700
1.10000000      5.31485694e-02    0.133893222
1.30000000      2.00375198e-01    0.144522935
1.50000000      1.97404898e-01    0.184597975
1.70000000      9.47705690e-02    0.224078955
1.90000000      6.88065192e-02    0.243033068
2.10000000      6.57130593e-02    0.256794372
2.30000000      7.18522092e-02    0.269936984
2.50000000      7.22028092e-02    0.284307426
2.70000000      6.01009593e-02    0.298747988
2.90000000      6.20012693e-02    0.310768180
3.10000000      6.71235593e-02    0.323168433
3.30000000      6.49094293e-02    0.336593145
3.50000000      6.28770893e-02    0.349575031
3.70000000      6.17234693e-02    0.362150449
3.90000000      5.97445593e-02    0.374495143
4.10000000      5.87470794e-02    0.386444055
4.30000000      5.72915494e-02    0.398193471
4.50000000      5.73318494e-02    0.409651780
4.70000000      5.69768194e-02    0.421118150
4.90000000      5.72155394e-02    0.432513514
5.10000000      5.72312594e-02    0.443956622
5.30000000      5.69733094e-02    0.455402874
5.50000000      5.59511094e-02    0.466797536
5.70000000      5.49029594e-02    0.477987758
5.90000000      5.36841694e-02    0.488968350
6.10000000      5.25386394e-02    0.499705183
6.30000000      5.11836894e-02    0.510212911
6.50000000      5.00090094e-02    0.520449649
6.70000000      4.87143595e-02    0.530451451
6.90000000      4.73391095e-02    0.540194323
7.10000000      4.59205195e-02    0.549662145
7.30000000      4.45072695e-02    0.558846249
7.50000000      4.31280495e-02    0.567747703
7.70000000      4.18075995e-02    0.576373313
7.90000000      4.05613396e-02    0.584734833
8.10000000      3.93994796e-02    0.592847100
8.30000000      3.83284296e-02    0.600726996
8.50000000      3.73533996e-02    0.608392682
8.70000000      3.64800196e-02    0.615863362
8.90000000      3.57142496e-02    0.623159366
9.10000000      3.50635596e-02    0.630302216
9.30000000      3.45363596e-02    0.637314928
9.50000000      3.41436296e-02    0.644222200
9.70000000      3.38984896e-02    0.651050926
9.90000000      3.38174496e-02    0.657830624
10.10000000      3.39212396e-02    0.664594114
10.30000000      3.42348996e-02    0.671378362
10.50000000      3.47862196e-02    0.678225342
10.70000000      3.56043496e-02    0.685182585
10.90000000      3.67167596e-02    0.692303455
11.10000000      3.81466396e-02    0.699646807
11.30000000      3.99097396e-02    0.707276135
11.50000000      4.20109095e-02    0.715258083
11.70000000      4.44384295e-02    0.723660265
11.90000000      4.71567095e-02    0.732547951
12.10000000      5.00990694e-02    0.741979293
12.30000000      5.31584894e-02    0.751999107
12.50000000      5.61843294e-02    0.762630805
12.70000000      5.89838193e-02    0.773867670
12.90000000      6.13336393e-02    0.785664434
13.10000000      6.30049993e-02    0.797931162
13.30000000      6.37994693e-02    0.810532162
13.50000000      6.35917293e-02    0.823292056
13.70000000      6.23622493e-02    0.836010402
13.90000000      6.02067393e-02    0.848482852
14.10000000      5.73115494e-02    0.860524199
14.30000000      5.39106794e-02    0.871986509
14.50000000      5.02381194e-02    0.882768645
14.70000000      4.64948895e-02    0.892816269
14.90000000      4.28331595e-02    0.902115247
15.10000000      3.93544496e-02    0.910681879
15.30000000      3.61184196e-02    0.918552769
15.50000000      3.31516496e-02    0.925776453
15.70000000      3.04590097e-02    0.932406783
15.90000000      2.80310397e-02    0.938498585
16.10000000      2.58507897e-02    0.944104793
16.30000000      2.38969097e-02    0.949274951
16.50000000      2.21473998e-02    0.954054332
16.70000000      1.30668699e-02    0.958483812
16.90000000      1.40314098e-02    0.961097186
17.10000000      2.28084597e-02    0.963903468
17.30000000      1.50363598e-02    0.968465160
17.50000000      1.08656899e-02    0.971472432
17.70000000      3.19873496e-02    0.973645570
17.90000000      2.13505998e-10    0.980043040
18.10000000      2.01121598e-02    0.980043040
18.30000000      2.37503797e-02    0.984065472
18.50000000      4.96278995e-11    0.988815548
18.70000000      2.72011997e-11    0.988815548
18.90000000      3.76177596e-02    0.988815548
19.10000000      5.59347994e-12    0.996339100
19.30000000      1.63273998e-12    0.996339100
19.50000000      2.01157998e-13    0.996339100
19.70000000      1.83044998e-02    0.996339100
19.90000000      0.00000000e+00    1.000000000
Neutron E = 1.80000e+01   (24 of 29)
Distribution interpolation:   1  (histogram)
Number of Discrete Energies:  0
   EOUT           PDF              CDF             45 lines
0.00000000      5.97986689e-02    0.000000000
0.75000000      1.06406598e-01    0.044849002
1.25000000      1.21417098e-01    0.098052301
1.75000000      6.48143688e-02    0.158760850
2.25000000      5.84593289e-02    0.191168034
2.75000000      5.08458291e-02    0.220397698
3.25000000      5.39183290e-02    0.245820613
3.75000000      5.34288290e-02    0.272779777
4.25000000      5.59190590e-02    0.299494192
4.75000000      5.79613789e-02    0.327453721
5.25000000      6.04027489e-02    0.356434411
5.75000000      5.97757589e-02    0.386635785
6.25000000      5.74410689e-02    0.416523665
6.75000000      5.46728690e-02    0.445244199
7.25000000      5.14436590e-02    0.472580634
7.75000000      4.84044591e-02    0.498302463
8.25000000      4.58274192e-02    0.522504693
8.75000000      4.38377892e-02    0.545418402
9.25000000      4.25587892e-02    0.567337297
9.75000000      4.21779592e-02    0.588616692
10.25000000      4.30143292e-02    0.609705671
10.75000000      4.55338892e-02    0.631212836
11.25000000      5.01432991e-02    0.653979780
11.75000000      5.68033090e-02    0.679051430
12.25000000      6.44664988e-02    0.707453084
12.75000000      7.05893087e-02    0.739686334
13.25000000      7.18394787e-02    0.774980988
13.75000000      6.66002588e-02    0.810900728
14.25000000      5.68939189e-02    0.844200857
14.75000000      4.63150991e-02    0.872647816
15.25000000      3.71000893e-02    0.895805366
15.75000000      2.98301494e-02    0.914355411
16.25000000      2.43026996e-02    0.929270485
16.75000000      2.01286196e-02    0.941421835
17.25000000      1.69542397e-02    0.951486145
17.75000000      1.45089497e-02    0.959963265
18.25000000      1.25974498e-02    0.967217740
18.75000000      9.25735483e-03    0.973516464
19.25000000      1.13773598e-02    0.978145142
19.75000000      5.29891890e-03    0.983833822
20.25000000      1.14887398e-02    0.986483281
20.75000000      1.03244798e-02    0.992227651
21.25000000      2.73572995e-13    0.997389891
21.75000000      5.22021790e-03    0.997389891
22.25000000      0.00000000e+00    1.000000000
Neutron E = 2.00000e+01   (25 of 29)
Distribution interpolation:   1  (histogram)
Number of Discrete Energies:  0
   EOUT           PDF              CDF             49 lines
0.00000000      3.81696001e-02    0.000000000
0.75000000      6.64080701e-02    0.028627200
1.25000000      8.00667802e-02    0.061831235
1.75000000      4.54403601e-02    0.101864625
2.25000000      4.33773101e-02    0.124584805
2.75000000      4.09691001e-02    0.146273460
3.25000000      4.53086901e-02    0.166758010
3.75000000      4.77371301e-02    0.189412355
4.25000000      5.31051801e-02    0.213280920
4.75000000      5.77489301e-02    0.239833510
5.25000000      6.17923101e-02    0.268707976
5.75000000      6.32067501e-02    0.299604131
6.25000000      6.24817401e-02    0.331207506
6.75000000      6.05075501e-02    0.362448376
7.25000000      5.78567701e-02    0.392702151
7.75000000      5.52818401e-02    0.421630536
8.25000000      5.31071601e-02    0.449271456
8.75000000      5.14783301e-02    0.475825036
9.25000000      5.05362101e-02    0.501564201
9.75000000      5.04899701e-02    0.526832306
10.25000000      5.16965201e-02    0.552077291
10.75000000      5.46805501e-02    0.577925551
11.25000000      5.98690601e-02    0.605265826
11.75000000      6.70991201e-02    0.635200356
12.25000000      7.49788802e-02    0.668749916
12.75000000      8.05425402e-02    0.706239356
13.25000000      8.04161002e-02    0.746510627
13.75000000      7.34091101e-02    0.786718677
14.25000000      6.20020101e-02    0.823423232
14.75000000      5.00377001e-02    0.854424237
15.25000000      3.97954201e-02    0.879443087
15.75000000      3.17944701e-02    0.899340797
16.25000000      2.57509001e-02    0.915238032
16.75000000      2.12086600e-02    0.928113482
17.25000000      1.77669700e-02    0.938717812
17.75000000      1.51235800e-02    0.947601297
18.25000000      1.30622100e-02    0.955163087
18.75000000      1.14301400e-02    0.961694192
19.25000000      1.01192900e-02    0.967409262
19.75000000      9.05241802e-03    0.972468907
20.25000000      8.17362602e-03    0.976995116
20.75000000      6.21286201e-03    0.981081929
21.25000000      7.86628202e-03    0.984188360
21.75000000      3.75261101e-03    0.988121501
22.25000000      8.32843602e-03    0.989997806
22.75000000      7.70822102e-03    0.994162024
23.25000000      2.59552001e-14    0.998016135
23.75000000      3.96773001e-03    0.998016135
24.25000000      0.00000000e+00    1.000000000
Neutron E = 2.30000e+01   (26 of 29)
Distribution interpolation:   1  (histogram)
Number of Discrete Energies:  0
   EOUT           PDF              CDF             55 lines
0.00000000      2.27026700e-02    0.000000000
0.75000000      3.88643100e-02    0.017027003
1.25000000      4.94786800e-02    0.036459158
1.75000000      3.05548000e-02    0.061198498
2.25000000      3.09272100e-02    0.076475898
2.75000000      3.16273900e-02    0.091939503
3.25000000      3.63747400e-02    0.107753197
3.75000000      4.04729100e-02    0.125940567
4.25000000      4.74450000e-02    0.146177022
4.75000000      5.38258000e-02    0.169899522
5.25000000      5.92456900e-02    0.196812422
5.75000000      6.24557900e-02    0.226435267
6.25000000      6.34661900e-02    0.257663162
6.75000000      6.28605100e-02    0.289396257
7.25000000      6.14340100e-02    0.320826512
7.75000000      5.99619300e-02    0.351543517
8.25000000      5.87937200e-02    0.381524482
8.75000000      5.80873800e-02    0.410921342
9.25000000      5.79949300e-02    0.439965032
9.75000000      5.87384400e-02    0.468962497
10.25000000      6.07022700e-02    0.498331717
10.75000000      6.44607100e-02    0.528682852
11.25000000      7.04444400e-02    0.560913207
11.75000000      7.83075900e-02    0.596135427
12.25000000      8.61897800e-02    0.635289222
12.75000000      9.06174000e-02    0.678384112
13.25000000      8.83758500e-02    0.723692812
13.75000000      7.90931200e-02    0.767880737
14.25000000      6.58364100e-02    0.807427297
14.75000000      5.25606600e-02    0.840345502
15.25000000      4.14416500e-02    0.866625832
15.75000000      3.28633900e-02    0.887346657
16.25000000      2.64357200e-02    0.903778352
16.75000000      2.16321400e-02    0.916996212
17.25000000      1.80077400e-02    0.927812282
17.75000000      1.52332700e-02    0.936816152
18.25000000      1.30753800e-02    0.944432787
18.75000000      1.13706300e-02    0.950970477
19.25000000      1.00039600e-02    0.956655792
19.75000000      8.89346500e-03    0.961657772
20.25000000      7.98000200e-03    0.966104505
20.75000000      7.22022700e-03    0.970094506
21.25000000      6.58194200e-03    0.973704619
21.75000000      6.04083000e-03    0.976995590
22.25000000      5.57832700e-03    0.980016005
22.75000000      5.18007100e-03    0.982805169
23.25000000      4.83485700e-03    0.985395204
23.75000000      4.55695100e-03    0.987812633
24.25000000      4.14054200e-03    0.990091108
24.75000000      2.39433500e-03    0.992161379
25.25000000      5.42622600e-03    0.993358547
25.75000000      5.15784600e-03    0.996071660
26.25000000      8.02096000e-16    0.998650583
26.75000000      2.69883500e-03    0.998650583
27.25000000      0.00000000e+00    1.000000000
Neutron E = 2.60000e+01   (27 of 29)
Distribution interpolation:   1  (histogram)
Number of Discrete Energies:  0
   EOUT           PDF              CDF             61 lines
0.00000000      1.33405501e-02    0.000000000
0.75000000      2.70298303e-02    0.010005413
1.25000000      3.33798103e-02    0.023520328
1.75000000      1.57792102e-02    0.040210233
2.25000000      2.61836302e-02    0.048099838
2.75000000      2.60784902e-02    0.061191653
3.25000000      2.90170903e-02    0.074230898
3.75000000      3.46866303e-02    0.088739443
4.25000000      4.19318204e-02    0.106082759
4.75000000      4.88750605e-02    0.127048669
5.25000000      5.49895005e-02    0.151486199
5.75000000      5.92670906e-02    0.178980949
6.25000000      6.15331106e-02    0.208614494
6.75000000      6.21843706e-02    0.239381050
7.25000000      6.19933506e-02    0.270473235
7.75000000      6.17031706e-02    0.301469910
8.25000000      6.16610806e-02    0.332321496
8.75000000      6.20289006e-02    0.363152036
9.25000000      6.29611606e-02    0.394166486
9.75000000      6.46838706e-02    0.425647067
10.25000000      6.75957206e-02    0.457989002
10.75000000      7.23043707e-02    0.491786862
11.25000000      7.92382508e-02    0.527939048
11.75000000      8.78765108e-02    0.567558173
12.25000000      9.58962609e-02    0.611496428
12.75000000      9.93055809e-02    0.659444559
13.25000000      9.50616609e-02    0.709097349
13.75000000      8.36685108e-02    0.756628180
14.25000000      6.87865407e-02    0.798462435
14.75000000      5.44272905e-02    0.832855705
15.25000000      4.26219904e-02    0.860069351
15.75000000      3.36108703e-02    0.881380346
16.25000000      2.69048603e-02    0.898185781
16.75000000      2.19165102e-02    0.911638211
17.25000000      1.81653602e-02    0.922596466
17.75000000      1.53006001e-02    0.931679146
18.25000000      1.30763101e-02    0.939329446
18.75000000      1.13212601e-02    0.945867601
19.25000000      9.91553509e-03    0.951528232
19.75000000      8.77408808e-03    0.956485999
20.25000000      7.83568807e-03    0.960873043
20.75000000      7.05558407e-03    0.964790887
21.25000000      6.40049306e-03    0.968318679
21.75000000      5.84538206e-03    0.971518926
22.25000000      5.37111205e-03    0.974441617
22.75000000      4.96286505e-03    0.977127173
23.25000000      4.60908104e-03    0.979608605
23.75000000      4.30055304e-03    0.981913146
24.25000000      4.02996604e-03    0.984063422
24.75000000      3.79144704e-03    0.986078405
25.25000000      3.58014903e-03    0.987974129
25.75000000      3.39218103e-03    0.989764203
26.25000000      1.00848001e-04    0.991460294
26.75000000      3.14484903e-03    0.991510718
27.25000000      2.69821203e-03    0.993083142
27.75000000      3.35987003e-03    0.994432248
28.25000000      2.13097802e-03    0.996112183
28.75000000      3.69307604e-03    0.997177672
29.25000000      2.78968003e-17    0.999024211
29.75000000      1.95157902e-03    0.999024211
30.25000000      0.00000000e+00    1.000000000
Neutron E = 3.00000e+01   (28 of 29)
Distribution interpolation:   1  (histogram)
Number of Discrete Energies:  0
   EOUT           PDF              CDF             69 lines
0.00000000      1.01704797e-02    0.000000000
0.75000000      1.64756395e-02    0.007627860
1.25000000      2.27954293e-02    0.015865680
1.75000000      1.14995896e-02    0.027263394
2.25000000      1.91199494e-02    0.033013189
2.75000000      1.96433094e-02    0.042573164
3.25000000      2.27087393e-02    0.052394818
3.75000000      2.78091191e-02    0.063749188
4.25000000      3.47092189e-02    0.077653748
4.75000000      4.16366087e-02    0.095008357
5.25000000      4.80531485e-02    0.115826661
5.75000000      5.31404483e-02    0.139853236
6.25000000      5.65685482e-02    0.166423460
6.75000000      5.85704382e-02    0.194707734
7.25000000      5.98157781e-02    0.223992953
7.75000000      6.09721781e-02    0.253900842
8.25000000      6.23677480e-02    0.284386931
8.75000000      6.41611080e-02    0.315570805
9.25000000      6.65060479e-02    0.347651359
9.75000000      6.96250978e-02    0.380904383
10.25000000      7.39229677e-02    0.415716932
10.75000000      8.00336475e-02    0.452678416
11.25000000      8.83775172e-02    0.492695239
11.75000000      9.82200969e-02    0.536883998
12.25000000      1.06648097e-01    0.585994047
12.75000000      1.08962397e-01    0.639318095
13.25000000      1.02308497e-01    0.693799293
13.75000000      8.83734072e-02    0.744953542
14.25000000      7.16180177e-02    0.789140245
14.75000000      5.60900282e-02    0.824949254
15.25000000      4.35960786e-02    0.852994268
15.75000000      3.41806289e-02    0.874792307
16.25000000      2.72319491e-02    0.891882622
16.75000000      2.20928893e-02    0.905498596
17.25000000      1.82437794e-02    0.916545041
17.75000000      1.53124195e-02    0.925666931
18.25000000      1.30405396e-02    0.933323141
18.75000000      1.12498596e-02    0.939843410
19.25000000      9.81632969e-03    0.945468340
19.75000000      8.65241773e-03    0.950376505
20.25000000      7.69538276e-03    0.954702714
20.75000000      6.89944878e-03    0.958550405
21.25000000      6.23077680e-03    0.962000130
21.75000000      5.66386182e-03    0.965115518
22.25000000      5.17927184e-03    0.967947449
22.75000000      4.76196585e-03    0.970537085
23.25000000      4.40019086e-03    0.972918068
23.75000000      4.08460487e-03    0.975118163
24.25000000      3.80777188e-03    0.977160466
24.75000000      3.56367389e-03    0.979064352
25.25000000      3.34743489e-03    0.980846189
25.75000000      3.15499990e-03    0.982519906
26.25000000      2.98306291e-03    0.984097406
26.75000000      2.82885691e-03    0.985588937
27.25000000      2.69006692e-03    0.987003366
27.75000000      2.56472892e-03    0.988348399
28.25000000      2.45121892e-03    0.989630764
28.75000000      2.34811593e-03    0.990856373
29.25000000      2.25420693e-03    0.992030431
29.75000000      2.16848093e-03    0.993157535
30.25000000      1.50130995e-04    0.994241775
30.75000000      1.98301594e-03    0.994316841
31.25000000      1.79403794e-03    0.995308349
31.75000000      2.25940093e-03    0.996205368
32.25000000      1.44723495e-03    0.997335068
32.75000000      2.53309592e-03    0.998058686
33.25000000      3.85989988e-19    0.999325234
33.75000000      1.34953296e-03    0.999325234
34.25000000      0.00000000e+00    1.000000000
Neutron E = 1.50000e+02   (29 of 29)
Distribution interpolation:   1  (histogram)
Number of Discrete Energies:  0
   EOUT           PDF              CDF             69 lines
0.00000000      1.01704797e-02    0.000000000
0.75000000      1.64756395e-02    0.007627860
1.25000000      2.27954293e-02    0.015865680
1.75000000      1.14995896e-02    0.027263394
2.25000000      1.91199494e-02    0.033013189
2.75000000      1.96433094e-02    0.042573164
3.25000000      2.27087393e-02    0.052394818
3.75000000      2.78091191e-02    0.063749188
4.25000000      3.47092189e-02    0.077653748
4.75000000      4.16366087e-02    0.095008357
5.25000000      4.80531485e-02    0.115826661
5.75000000      5.31404483e-02    0.139853236
6.25000000      5.65685482e-02    0.166423460
6.75000000      5.85704382e-02    0.194707734
7.25000000      5.98157781e-02    0.223992953
7.75000000      6.09721781e-02    0.253900842
8.25000000      6.23677480e-02    0.284386931
8.75000000      6.41611080e-02    0.315570805
9.25000000      6.65060479e-02    0.347651359
9.75000000      6.96250978e-02    0.380904383
10.25000000      7.39229677e-02    0.415716932
10.75000000      8.00336475e-02    0.452678416
11.25000000      8.83775172e-02    0.492695239
11.75000000      9.82200969e-02    0.536883998
12.25000000      1.06648097e-01    0.585994047
12.75000000      1.08962397e-01    0.639318095
13.25000000      1.02308497e-01    0.693799293
13.75000000      8.83734072e-02    0.744953542
14.25000000      7.16180177e-02    0.789140245
14.75000000      5.60900282e-02    0.824949254
15.25000000      4.35960786e-02    0.852994268
15.75000000      3.41806289e-02    0.874792307
16.25000000      2.72319491e-02    0.891882622
16.75000000      2.20928893e-02    0.905498596
17.25000000      1.82437794e-02    0.916545041
17.75000000      1.53124195e-02    0.925666931
18.25000000      1.30405396e-02    0.933323141
18.75000000      1.12498596e-02    0.939843410
19.25000000      9.81632969e-03    0.945468340
19.75000000      8.65241773e-03    0.950376505
20.25000000      7.69538276e-03    0.954702714
20.75000000      6.89944878e-03    0.958550405
21.25000000      6.23077680e-03    0.962000130
21.75000000      5.66386182e-03    0.965115518
22.25000000      5.17927184e-03    0.967947449
22.75000000      4.76196585e-03    0.970537085
23.25000000      4.40019086e-03    0.972918068
23.75000000      4.08460487e-03    0.975118163
24.25000000      3.80777188e-03    0.977160466
24.75000000      3.56367389e-03    0.979064352
25.25000000      3.34743489e-03    0.980846189
25.75000000      3.15499990e-03    0.982519906
26.25000000      2.98306291e-03    0.984097406
26.75000000      2.82885691e-03    0.985588937
27.25000000      2.69006692e-03    0.987003366
27.75000000      2.56472892e-03    0.988348399
28.25000000      2.45121892e-03    0.989630764
28.75000000      2.34811593e-03    0.990856373
29.25000000      2.25420693e-03    0.992030431
29.75000000      2.16848093e-03    0.993157535
30.25000000      1.50130995e-04    0.994241775
30.75000000      1.98301594e-03    0.994316841
31.25000000      1.79403794e-03    0.995308349
31.75000000      2.25940093e-03    0.996205368
32.25000000      1.44723495e-03    0.997335068
32.75000000      2.53309592e-03    0.998058686
33.25000000      3.85989988e-19    0.999325234
33.75000000      1.34953296e-03    0.999325234
34.25000000      0.00000000e+00    1.000000000
